0001000000000001 
0001000010100010 
0001000000010011 
1010000100110001
1011001000010000 
0000110000000011 
0000100000000111
1011000100101001
0000010000001011
0010000000000111
0000100000000000
0001000000000011
0000000000000000
0000000000000000
0000000000000000
0000000000000000
0000000000000000
0000000000000000
0000000000000000
1011011110001001
0000110000011001
1011000101100001
1000011000000111
0010110000010000
0001000000000000
0001000000000111
0001000000000000
0001000001001011
1011101100101011
0001000000011110
1010101000100010
0010110100100000
0010010000000000
0001000000000000
0000000000000000
0001000000000000
0000000000000000
0001000000000000
0000000000000000
0001000000000000
0000000000000000
0001000000000000
0000000000000000
0001000000000000
0000000000000000
0001000000000000
0000000000000000
0001000000000000
0000000000000000
0001000000000000
0000000000000000
0001000000000000
0000000000000000
0001000000000000
0000000000000000
0001000000000000
0000000000000000
0001000000000000
0000000000000000
0001000000000000
0000000000000000
0001000000000000
0000000000000000
0001000000000000
0000000000000000
0001000000000000
0000000000000000
0001000000000000
0000000000000000
0001000000000000
0000000000000000
0001000000000000
0000000000000000
0001000000000000
0000000000000000
0001000000000000
0000000000000000
0001000000000000
0000000000000000
0001000000000000
0000000000000000
0001000000000000
0000000000000000
0001000000000000
0000000000000000
0001000000000000
0000000000000000
0001000000000000
0000000000000000
0001000000000000
0000000000000000
0001000000000000
0000000000000000
0001000000000000
0000000000000000
0001000000000000
0000000000000000
0001000000000000
0000000000000000
0001000000000000
0000000000000000
0001000000000000
0000000000000000
0001000000000000
0000000000000000
0001000000000000
0000000000000000
0001000000000000
0000000000000000
0001000000000000
0000000000000000
0001000000000000
0000000000000000
0001000000000000
0000000000000000
0001000000000000
0000000000000000
0001000000000000
0000000000000000
0001000000000000
0000000000000000
0001000000000000
0000000000000000
0001000000000000
0000000000000000
0001000000000000
0000000000000000
0001000000000000
0000000000000000
0001000000000000
0000000000000000
0001000000000000
0000000000000000
0001000000000000
0000000000000000
0001000000000000
0000000000000000
0001000000000000
0000000000000000
0001000000000000
0000000000000000
0001000000000000
0000000000000000
0001000000000000
0000000000000000
0001000000000000
0000000000000000
0001000000000000
0000000000000000
0001000000000000
0000000000000000
0001000000000000
0000000000000000
0001000000000000
0000000000000000
0001000000000000
0000000000000000
0001000000000000
0000000000000000
0001000000000000
0000000000000000
0001000000000000
0000000000000000
0001000000000000
0000000000000000
0001000000000000
0000000000000000
0001000000000000
0000000000000000
0001000000000000
0000000000000000
0001000000000000
0000000000000000
0001000000000000
0000000000000000
0001000000000000
0000000000000000
0001000000000000
0000000000000000
0001000000000000
0000000000000000
0001000000000000
0000000000000000
0001000000000000
0000000000000000
0001000000000000
0000000000000000
0001000000000000
0000000000000000
0001000000000000
0000000000000000
0001000000000000
0000000000000000
0001000000000000
0000000000000000
0001000000000000
0000000000000000
0001000000000000
0000000000000000
0001000000000000
0000000000000000
0001000000000000
0000000000000000
0001000000000000
0000000000000000
0001000000000000
0000000000000000
0001000000000000
0000000000000000
0001000000000000
0000000000000000
0001000000000000
0000000000000000
0001000000000000
0000000000000000
0001000000000000
0000000000000000
0001000000000000
0000000000000000
0001000000000000
0000000000000000
0001000000000000
0000000000000000
0001000000000000
0000000000000000
0001000000000000
0000000000000000
0001000000000000
0000000000000000
0001000000000000
0000000000000000
0001000000000000
0000000000000000
0001000000000000
0000000000000000
0001000000000000
0000000000000000
0001000000000000
0000000000000000
0001000000000000
0000000000000000
0001000000000000
0000000000000000
0001000000000000
0000000000000000
0001000000000000
0000000000000000
0001000000000000
0000000000000000
0001000000000000
0000000000000000
0001000000000000
0000000000000000
0001000000000000
0000000000000000
0001000000000000
0000000000000000
0001000000000000
0000000000000000
0001000000000000
0000000000000000
0001000000000000
0000000000000000
0001000000000000
0000000000000000
0001000000000000
0000000000000000
0001000000000000
0000000000000000
0001000000000000
0000000000000000
0001000000000000
0000000000000000
0001000000000000
0000000000000000
0001000000000000
0000000000000000
0001000000000000
0000000000000000
0001000000000000
0000000000000000
0001000000000000
0000000000000000
0001000000000000
0000000000000000
0001000000000000
0000000000000000
0001000000000000
0000000000000000
0001000000000000
0000000000000000
0001000000000000
0000000000000000
0001000000000000
0000000000000000
0001000000000000
0000000000000000
0001000000000000
0000000000000000
0001000000000000
0000000000000000
0001000000000000
0000000000000000
0001000000000000
0000000000000000
0001000000000000
0000000000000000
0001000000000000
0000000000000000
0001000000000000
0000000000000000
0001000000000000
0000000000000000
0001000000000000
0000000000000000
0001000000000000
0000000000000000
0001000000000000
0000000000000000
0001000000000000
0000000000000000
0001000000000000
0000000000000000
0001000000000000
0000000000000000
0001000000000000
0000000000000000
0001000000000000
0000000000000000
0001000000000000
0000000000000000
0001000000000000
0000000000000000
0001000000000000
0000000000000000
0001000000000000
0000000000000000
0001000000000000
0000000000000000
0001000000000000
0000000000000000
0001000000000000
0000000000000000
0001000000000000
0000000000000000
0001000000000000
0000000000000000
0001000000000000
0000000000000000
0001000000000000
0000000000000000
0001000000000000
0000000000000000
0001000000000000
0000000000000000
0001000000000000
0000000000000000
0001000000000000
0000000000000000
0001000000000000
0000000000000000
0001000000000000
0000000000000000
0001000000000000
0000000000000000
0001000000000000
0000000000000000
0001000000000000
0000000000000000
0001000000000000
0000000000000000
0001000000000000
0000000000000000
0001000000000000
0000000000000000
0001000000000000
0000000000000000
0001000000000000
0000000000000000
0001000000000000
0000000000000000
0001000000000000
0000000000000000
0001000000000000
0000000000000000
0001000000000000
0000000000000000
0001000000000000
0000000000000000
0001000000000000
0000000000000000
0001000000000000
0000000000000000
0001000000000000
0000000000000000
0001000000000000
0000000000000000
0001000000000000
0000000000000000
0001000000000000
0000000000000000
0001000000000000
0000000000000000
0001000000000000
0000000000000000
0001000000000000
0000000000000000
0001000000000000
0000000000000000
0001000000000000
0000000000000000
0001000000000000
0000000000000000
0001000000000000
0000000000000000
0001000000000000
0000000000000000
0001000000000000
0000000000000000
0001000000000000
0000000000000000
0001000000000000
0000000000000000
0001000000000000
0000000000000000
0001000000000000
0000000000000000
0001000000000000
0000000000000000
0001000000000000
0000000000000000
0001000000000000
0000000000000000
0001000000000000
0000000000000000
0001000000000000
0000000000000000
0001000000000000
0000000000000000
0001000000000000
0000000000000000
0001000000000000
0000000000000000
0001000000000000
0000000000000000
0001000000000000
0000000000000000
0001000000000000
0000000000000000
0001000000000000
0000000000000000
0001000000000000
0000000000000000
0001000000000000
0000000000000000
0001000000000000
0000000000000000
0001000000000000
0000000000000000
0001000000000000
0000000000000000
0001000000000000
0000000000000000
0001000000000000
0000000000000000
0001000000000000
0000000000000000
0001000000000000
0000000000000000
0001000000000000
0000000000000000
0001000000000000
0000000000000000
0001000000000000
0000000000000000
0001000000000000
0000000000000000
0001000000000000
0000000000000000
0001000000000000
0000000000000000
0001000000000000
0000000000000000
0001000000000000
0000000000000000
0001000000000000
0000000000000000
0001000000000000
0000000000000000
0001000000000000
0000000000000000
0001000000000000
0000000000000000
0001000000000000
0000000000000000
0001000000000000
0000000000000000
0001000000000000
0000000000000000
0001000000000000
0000000000000000
0001000000000000
0000000000000000
0001000000000000
0000000000000000
0001000000000000
0000000000000000
0001000000000000
0000000000000000
0001000000000000
0000000000000000
0001000000000000
0000000000000000
0001000000000000
0000000000000000
0001000000000000
0000000000000000
0001000000000000
0000000000000000
0001000000000000
0000000000000000
0001000000000000
0000000000000000
0001000000000000
0000000000000000
0001000000000000
0000000000000000
0001000000000000
0000000000000000
0001000000000000
0000000000000000
0001000000000000
0000000000000000
0001000000000000
0000000000000000
0001000000000000
0000000000000000
0001000000000000
0000000000000000
0001000000000000
0000000000000000
0001000000000000
0000000000000000
0001000000000000
0000000000000000
0001000000000000
0000000000000000
0001000000000000
0000000000000000
0001000000000000
0000000000000000
0001000000000000
0000000000000000
0001000000000000
0000000000000000
0001000000000000
0000000000000000
0001000000000000
0000000000000000
0001000000000000
0000000000000000
0001000000000000
0000000000000000
0001000000000000
0000000000000000
0001000000000000
0000000000000000
0001000000000000
0000000000000000
0001000000000000
0000000000000000
0001000000000000
0000000000000000
0001000000000000
0000000000000000
0001000000000000
0000000000000000
0001000000000000
0000000000000000
0001000000000000
0000000000000000
0001000000000000
0000000000000000
0001000000000000
0000000000000000
0001000000000000
0000000000000000
0001000000000000
0000000000000000
0001000000000000
0000000000000000
0001000000000000
0000000000000000
0001000000000000
0000000000000000
0001000000000000
0000000000000000
0001000000000000
0000000000000000
0001000000000000
0000000000000000
0001000000000000
0000000000000000
0001000000000000
0000000000000000
0001000000000000
0000000000000000
0001000000000000
0000000000000000
0001000000000000
0000000000000000
0001000000000000
0000000000000000
0001000000000000
0000000000000000
0001000000000000
0000000000000000
0001000000000000
0000000000000000
0001000000000000
0000000000000000
0001000000000000
0000000000000000
0001000000000000
0000000000000000
0001000000000000
0000000000000000
0001000000000000
0000000000000000
0001000000000000
0000000000000000
0001000000000000
0000000000000000
0001000000000000
0000000000000000
0001000000000000
0000000000000000
0001000000000000
0000000000000000
0001000000000000
0000000000000000
0001000000000000
0000000000000000
0001000000000000
0000000000000000
0001000000000000
0000000000000000
0001000000000000
0000000000000000
0001000000000000
0000000000000000
0001000000000000
0000000000000000
0001000000000000
0000000000000000
0001000000000000
0000000000000000
0001000000000000
0000000000000000
0001000000000000
0000000000000000
0001000000000000
0000000000000000
0001000000000000
0000000000000000
0001000000000000
0000000000000000
0001000000000000
0000000000000000
0001000000000000
0000000000000000
0001000000000000
0000000000000000
0001000000000000
0000000000000000
0001000000000000
0000000000000000
0001000000000000
0000000000000000
0001000000000000
0000000000000000
0001000000000000
0000000000000000
0001000000000000
0000000000000000
0001000000000000
0000000000000000
0001000000000000
0000000000000000
0001000000000000
0000000000000000
0001000000000000
0000000000000000
0001000000000000
0000000000000000
0001000000000000
0000000000000000
0001000000000000
0000000000000000
0001000000000000
0000000000000000
0001000000000000
0000000000000000
0001000000000000
0000000000000000
0001000000000000
0000000000000000
0001000000000000
0000000000000000
0001000000000000
0000000000000000
0001000000000000
0000000000000000
0001000000000000
0000000000000000
0001000000000000
0000000000000000
0001000000000000
0000000000000000
0001000000000000
0000000000000000
0001000000000000
0000000000000000
0001000000000000
0000000000000000
0001000000000000
0000000000000000
0001000000000000
0000000000000000
0001000000000000
0000000000000000
0001000000000000
0000000000000000
0001000000000000
0000000000000000
0001000000000000
0000000000000000
0001000000000000
0000000000000000
0001000000000000
0000000000000000
0001000000000000
0000000000000000
0001000000000000
0000000000000000
0001000000000000
0000000000000000
0001000000000000
0000000000000000
0001000000000000
0000000000000000
0001000000000000
0000000000000000
0001000000000000
0000000000000000
0001000000000000
0000000000000000
0001000000000000
0000000000000000
0001000000000000
0000000000000000
0001000000000000
0000000000000000
0001000000000000
0000000000000000
0001000000000000
0000000000000000
0001000000000000
0000000000000000
0001000000000000
0000000000000000
0001000000000000
0000000000000000
0001000000000000
0000000000000000
0001000000000000
0000000000000000
0001000000000000
0000000000000000
0001000000000000
0000000000000000
0001000000000000
0000000000000000
0001000000000000
0000000000000000
0001000000000000
0000000000000000
0001000000000000
0000000000000000
0001000000000000
0000000000000000
0001000000000000
0000000000000000
0001000000000000
0000000000000000
0001000000000000
0000000000000000
0001000000000000
0000000000000000
0001000000000000
0000000000000000
0001000000000000
0000000000000000
0001000000000000
0000000000000000
0001000000000000
0000000000000000
0001000000000000
0000000000000000
0001000000000000
0000000000000000
0001000000000000
0000000000000000
0001000000000000
0000000000000000
0001000000000000
0000000000000000
0001000000000000
0000000000000000
0001000000000000
0000000000000000
0001000000000000
0000000000000000
0001000000000000
0000000000000000
0001000000000000
0000000000000000
0001000000000000
0000000000000000
0001000000000000
0000000000000000
0001000000000000
0000000000000000
0001000000000000
0000000000000000
0001000000000000
0000000000000000
0001000000000000
0000000000000000
0001000000000000
0000000000000000
0001000000000000
0000000000000000
0001000000000000
0000000000000000
0001000000000000
0000000000000000
0001000000000000
0000000000000000
0001000000000000
0000000000000000
0001000000000000
0000000000000000
0001000000000000
0000000000000000
0001000000000000
0000000000000000
0001000000000000
0000000000000000
0001000000000000
0000000000000000
0001000000000000
0000000000000000
0001000000000000
0000000000000000
0001000000000000
0000000000000000
0001000000000000
0000000000000000
0001000000000000
0000000000000000
0001000000000000
0000000000000000
0001000000000000
0000000000000000
0001000000000000
0000000000000000
0001000000000000
0000000000000000
0001000000000000
0000000000000000
0001000000000000
0000000000000000
0001000000000000
0000000000000000
0001000000000000
0000000000000000
0001000000000000
0000000000000000
0001000000000000
0000000000000000
0001000000000000
0000000000000000
0001000000000000
0000000000000000
0001000000000000
0000000000000000
0001000000000000
0000000000000000
0001000000000000
0000000000000000
0001000000000000
0000000000000000
0001000000000000
0000000000000000
0001000000000000
0000000000000000
0001000000000000
0000000000000000
0001000000000000
0000000000000000
0001000000000000
0000000000000000
0001000000000000
0000000000000000
0001000000000000
0000000000000000
0001000000000000
0000000000000000
0001000000000000
0000000000000000
0001000000000000
0000000000000000
0001000000000000
0000000000000000
0001000000000000
0000000000000000
0001000000000000
0000000000000000
0001000000000000
0000000000000000
0001000000000000
0000000000000000
0001000000000000
0000000000000000
0001000000000000
0000000000000000
0001000000000000
0000000000000000
0001000000000000
0000000000000000
0001000000000000
0000000000000000
0001000000000000
0000000000000000
0001000000000000
0000000000000000
0001000000000000
0000000000000000
0001000000000000
0000000000000000
0001000000000000
0000000000000000
0001000000000000
0000000000000000
0001000000000000
0000000000000000
0001000000000000
0000000000000000
0001000000000000
0000000000000000
0001000000000000
0000000000000000
0001000000000000
0000000000000000
0001000000000000
0000000000000000
0001000000000000
0000000000000000
0001000000000000
0000000000000000
0001000000000000
0000000000000000
0001000000000000
0000000000000000
0001000000000000
0000000000000000
0001000000000000
0000000000000000
0001000000000000
0000000000000000
0001000000000000
0000000000000000
0001000000000000
0000000000000000
0001000000000000
0000000000000000
0001000000000000
0000000000000000
0001000000000000
0000000000000000
0001000000000000
0000000000000000
0001000000000000
0000000000000000
0001000000000000
0000000000000000
0001000000000000
0000000000000000
0001000000000000
0000000000000000
0001000000000000
0000000000000000
0001000000000000
0000000000000000
0001000000000000
0000000000000000
0001000000000000
0000000000000000
0001000000000000
0000000000000000
0001000000000000
0000000000000000
0001000000000000
0000000000000000
0001000000000000
0000000000000000
0001000000000000
0000000000000000
0001000000000000
0000010000000000
0000010000000000
0000010000000000
0000010000000000
